LINHAS = 10
COLUNAS = 10
2395411 3369714 2558215 2216497 2875160 2225397 1725166 2349814 2422813 1599244 
1984732 3168741 2024082 2382926 2690931 2666210 2065987 2389511 2379664 1592677 
1655596 3253011 2052086 2590643 2817252 2263822 2216036 2116961 2525635 1633968 
2633572 3955392 2548661 2167466 3565575 2724439 2638746 2920813 3358106 1928966 
2685904 4934293 3039381 3330705 4442559 3551526 3458822 3073025 4289920 2569737 
2611096 4409572 3171106 2721709 3537820 2812422 2300800 2767942 3092315 1983598 
2773519 3626076 2632334 2164844 3184742 2681235 2776906 2805563 2861140 2282155 
2218999 3449029 2193738 2346648 2915649 2007366 2457453 2361140 2437118 1217670 
2293773 4198753 2713741 2807808 3355821 2979362 2741690 2619537 2952641 2073756 
1925132 3449841 2836791 2488968 2550055 2135814 1906770 1924367 1947742 1798530 
